1331
3846
1145
3655
3955
3548
7122
5837
8581
1609
379
9473
4310
5350
9395
9693
1452
1072
1344
3818
9906
1982
9680
3201
7447
2038
9412
8541
5457
4338
3831
6403
3848
2866
9115
3509
8086
3966
1611
4573
6151
7975
1718
9335
8047
9221
2621
4721
6114
5861
415
6987
3088
7434
1739
7362
5340
8288
263
5023
620
6099
4085
3532
3981
8358
190
255
4397
4011
167
4642
9401
6717
1711
4699
8559
2393
9012
3541
1186
2824
4895
6978
7119
9637
6143
5314
1951
629
9484
9622
1853
4324
6048
7519
70
447
4390
1436
1493
8676
6342
8772
2984
9332
9267
8057
486
9711
9756
3270
4042
4001
477
8132
226
9522
8898
4202
8299
466
8878
9068
6439
517
3650
8098
6563
9357
4429
7868
3990
4619
7479
9457
8782
4325
6228
8384
7396
6245
7107
4990
881
9129
9926
6794
542
6169
3384
8894
6072
4867
8511
6052
4859
4976
8034
4691
6329
2559
576
3003
7448
72
4600
6825
8795
5580
4987
5459
7859
615
3741
336
3974
4437
2279
2764
2248
7817
4973
6320
2839
6500
1747
1809
1251
6861
4059
9235
60
9270
1019
1654
2981
1428
9688
6774
9248
1573
5922
4160
9689
8
2215
9495
6270
4973
7776
1961
3660
9520
7470
628
8177
5707
7516
4786
2125
7137
5419
4233
608
6356
1423
4176
5647
1976
5869
1141
2346
9903
7348
7432
8985
3084
3119
1091
2931
5637
7472
3709
4818
5964
3179
6920
6627
6549
9247
8351
9493
8726
8251
4555
8366
790
8232
8789
78
6274
9620
7452
5611
5905
9060
1589
2616
8997
5284
2847
3517
2687
4293
2791
1919
9157
2397
8431
4424
4604
5268
3788
1837
767
5227
5348
6216
9669
1217
8544
8514
9292
6886
9478
6891
248
7133
4395
6453
9962
591
2049
4641
3493
3875
9994
2508
5500
1262
984
2032
1293
8736
6332
938
8625
1578
2591
4490
4783
2982
1917
7615
3958
358
8887
4308
7163
741
101
3484
228
2624
1272
9705
2456
4565
7919
644
53
509
109
6901
3298
8103
8384
9866
5632
5140
2428
1534
824
3068
2697
2183
3194
4378
9026
1580
7114
2261
8802
4850
7562
1075
3786
8911
1957
5754
8066
2228
7041
1653
957
5349
4659
6727
7244
7979
997
7224
5079
997
4374
9926
3790
9373
4517
792
1736
7345
6144
6032
1222
1548
5335
1859
7298
9455
5389
541
7551
9084
9920
1024
7381
4802
9745
9308
5147
9547
8792
7138
4123
1008
6045
9145
4671
7247
2773
704
8236
9518
9174
1748
6352
2823
5960
8176
2894
6157
195
1015
1687
6078
5085
4036
6807
6112
3571
1871
3537
1699
2242
1087
5260
6802
6683
4327
6736
6985
3217
6143
2979
1390
3565
9942
3667
2817
6037
9416
8915
5835
1532
649
9601
5229
5599
9489
5419
8319
3678
6219
7321
6704
1514
718
6639
2352
1864
179
5480
6249
8030
314
3200
7824
4463
5228
8165
9416
4454
4560
2723
8864
3699
5073
5207
3899
884
4949
3381
7082
2736
5787
564
7747
7095
6544
7866
2498
8481
2333
4874
1005
3900
1415
7801
5348
232
8521
6831
3171
4738
2798
1665
5343
9773
7887
4777
2738
4048
3121
1538
9893
5036
8133
1954
9003
5357
2773
5268
1364
822
8439
550
8323
1289
6959
6629
841
8792
65
8287
7986
2035
8355
9178
3586
9190
8286
358
8628
9924
5372
6201
7432
7570
8352
2117
4906
7832
8147
9630
799
6268
5991
5530
7762
6158
6511
3428
5060
3418
1978
2836
10
7657
345
8228
2091
3400
169
5486
6270
5166
8536
3138
1642
2023
7007
4410
7732
7661
7840
5885
3148
8336
8267
9587
6264
9848
759
7618
9248
1157
5512
5537
7324
1286
2148
675
534
546
3037
6919
9319
864
3389
5603
7562
9044
1153
2983
1770
3505
7569
7168
2861
8072
2341
8999
8615
9416
9297
9632
4340
7145
4508
1054
4500
5849
9585
8837
9119
5533
1193
5971
4166
1737
8923
785
2977
5052
2389
7426
3192
460
4306
3963
8222
8634
8149
1474
228
3190
3017
6647
1909
315
4786
6085
1494
4850
1728
9728
9702
4951
4226
4103
6666
5095
1078
7199
7272
4696
5294
8261
1130
4377
9304
3191
5101
4248
1171
6472
7380
8277
9130
1149
6459
5615
6981
4528
1613
8084
4540
2472
7191
5386
8209
405
4569
404
8720
8511
84
5166
3714
2637
5330
7237
3985
7874
8749
5260
1036
3693
5659
9790
3456
2743
9644
9211
5130
6246
2913
6858
7434
2947
8318
294
8735
4679
1388
7135
8176
1427
7787
660
8872
3745
2640
4322
953
2756
4977
5348
2607
5066
7798
4107
3490
4517
7640
3876
5195
7892
7760
2045
8532
916
9890
2753
1730
6171
5018
4895
9655
459
9725
4842
7962
1074
8668
1103
2963
9613
6189
1389
4484
9937
4338
4037
3483
6307
6296
9312
1986
5296
1731
3455
571
5568
122
9650
8907
964
3771
5802
1436
604
9485
4703
5657
4335
4768
562
1344
4087
2450
4631
2409
3096
4594
2334
1458
5175
2387
8870
8073
3673
6699
4025
4663
5771
7681
9615
5541
8523
9411
9181
6692
5309
1124
7054
4693
7738
8781
8962
8837
1540
7901
9823
5459
4493
9910
4946
4334
410
5511
8224
9559
6174
2781
3773
9332
1772
5917
1403
9037
6509
6959
7219
7701
5567
4108
1465
3374
8041
1018
1202
1563
2539
5809
256
5367
4656
4902
3254
2078
7873
7711
544
2075
2805
7772
3008
9926
427
2803
4548
3159
8719
4136
6647
1739
2054
4411
2854
5958
3271
5516
6284
8013
4893
6190
4868
8382
5279
9465
4867
924
9309
3850
281
1788
5352
4681
7089
7122
4043
5605
8246
1502
13
8442
3813
2516
8384
8786
4525
932
5166
8349
5488
1896
7682
6910
2204
2253
3711
9492
8386
2052
4965
4200
1419
8551
6316
2471
6905
4963
8731
2199
3
215
6092
8393
4554
9597
7145
6676
9569
1346
7563
3219
9415
2044
296
1314
170
9113
7108
8979
33
8761
8432
9331
9329
5597
3791
263
7903
4801
9569
9714
7285
2570
7271
8868
3610
2021
3568
498
512
4825
4780
3324
6768
515
6949
161
4112
1953
2665
2828
96
7423
994
8161
9844
5315
1935
1369
2417
4595
2904
4824
7462
1178
8034
5728
9339
6377
9271
791
7697
6644
7755
3870
3959
4226
188
2173
1504
5876
3
2042
5450
8166
7421
2764
4308
1097
6852
664
8679
9772
4371
9756
3392
2521
158
5074
815
7645
6741
74
2785
2071
905
2495
960
763
1805
4413
2180
5899
1797
9390
4732
8601
9139
1600
6076
2112
6331
9590
6942
2428
2572
9837
6082
9864
867
6745
5429
3482
7790
6492
3497
6486
4460
4805
7614
9482
2581
4111
8574
3551
3260
8909
2504
7245
337
8540
2138
2154
1661
829
9978
6724
4143
1759
9198
9531
5319
9644
1622
5372
2139
1840
2981
9735
8806
5895
194
4124
7773
2962
1130
2243
8749
1080
4251
5660
7555
1253
1341
1218
4991
9554
8642
3073
2871
7439
5585
6392
9425
2761
2323
807
4989
7481
8234
9469
1271
975
1092
6838
501
7607
8575
391
2664
5208
59
4118
8826
130
9064
3078
8152
9478
6605
5623
9892
2008
252
6260
2351
2051
3150
3174
153
2716
8065
2865
8310
7944
8794
9299
1986
6098
7265
6595
4048
9106
3299
1583
645
6295
3722
7130
8019
9406
208
5688
1953
6845
1309
8015
2975
7399
5250
3173
7727
4921
2535
7032
7812
4477
3262
6271
9225
3646
3316
7952
8473
6495
7855
4781
179
2843
2125
655
3004
8146
2973
8327
3375
7706
4180
7317
9687
6166
2851
1973
8536
4050
553
2546
5658
9887
5294
6924
9176
9185
2455
9482
8451
6934
8924
1685
8760
5263
4930
6144
3707
4372
777
3191
3601
3762
6574
5660
7015
7129
7076
2890
8478
6478
453
1968
1931
2585
6141
4144
9914
8540
3547
2915
7337
7036
8398
1760
5609
3284
5488
8294
443
7592
156
3371
7872
4084
6010
9312
7353
83
5339
1687
7985
687
4588
7663
7846
3289
8036
2590
9147
6461
8237
5982
9058
5247
2929
2233
2186
9621
8269
3717
5095
6563
7748
5159
2666
5045
9224
1112
4116
9704
5643
9951
9079
4553
3066
9007
4879
5886
57
1559
4968
8245
2081
5433
3513
2058
3647
1429
9913
5620
1520
9209
7601
9198
9298
1205
3176
9583
8653
3508
7001
7972
5363
8528
7103
4628
3890
8948
9163
8888
6153
1486
714
8479
7840
5124
9706
6236
7870
3737
781
5110
1839
8562
2384
8986
8019
9760
4746
481
968
8539
8433
2066
518
7387
3030
6122
6008
8288
5109
1816
7547
5589
2158
5803
8377
4749
4136
9447
8796
544
5157
8351
8483
9811
386
3835
3844
7433
6559
9763
7506
7100
2319
5907
2614
9601
3739
4909
4920
402
1959
1892
4065
4833
1417
3984
8431
4288
8518
7615
5913
4299
532
9305
9475
9475
9326
350
3183
1691
4087
7075
8373
8298
96
8296
2690
9108
1387
9554
9043
4112
312
5584
3470
7591
5272
9418
9386
9278
1447
5679
5920
609
8495
7134
4791
951
4505
8307
250
5557
5572
8863
4814
3129
4975
665
8950
5644
3834
8050
7365
398
5393
654
5613
6670
8701
2335
2095
6149
9860
7669
6124
8471
8966
1328
6181
2032
4768
6954
6963
4156
1026
7659
7360
3102
9622
9395
4323
7117
6458
5501
2952
1478
3645
2664
3876
868
1478
3392
8850
7497
7442
2155
4946
646
3629
2378
6531
455
1892
7099
1986
754
9101
1530
3453
92
9362
8081
1950
3331
4659
807
7399
3937
4717
5407
1055
5121
3843
6411
5712
7658
1089
6431
8538
7574
6490
5082
5432
9872
1130
2810
612
3311
2358
1901
9065
5999
3488
3466
2158
5741
7350
4223
1895
7487
9169
2269
2312
2515
2543
2191
4317
7296
7385
3678
6213
5951
9738
583
6167
9424
5537
9115
8549
7979
2126
2231
1031
3618
9976
5780
3311
2611
4524
8836
567
7982
9656
6307
6092
4757
7603
5504
983
27
1391
1385
2206
6069
7241
8470
9264
4528
8810
593
4400
8393
2861
687
7769
4364
6735
5377
3796
9226
171
6831
6011
314
4979
3886
4758
8169
8727
5614
1412
7879
2516
3174
7902
6126
3033
3406
527
2566
6407
8618
5694
9240
4325
8201
5402
8003
7697
8057
4792
8273
8380
3968
718
5711
723
5628
3259
2475
1662
2293
5361
9503
1250
5150
5878
3845
9072
909
9752
2771
1993
5166
6749
34
8182
6970
4297
1611
9685
1838
6821
2973
7652
6878
9141
3427
5430
1892
8401
9435
5179
472
4151
6473
5697
1618
4840
1933
9448
4275
4662
5901
6462
2332
4250
7185
6826
4822
2623
7216
3498
5311
3340
6838
3502
9068
1390
2371
1757
2411
4387
1935
2729
8551
6992
712
8477
1713
9773
276
9157
4978
3145
3024
5202
7874
1449
7371
5327
6130
6536
3975
386
7079
7128
8517
5362
9334
7937
6526
5627
9261
4268
9925
6598
3314
187
283
9087
2127
2209
8540
1157
9306
7524
9575
4101
141
4201
1411
6992
4161
4921
3894
5956
110
7510
5355
9342
1642
2655
5744
297
8139
7654
6457
4189
1007
2084
8648
152
2534
1833
8475
2334
4269
2212
5819
2306
705
2241
8104
5629
201
4980
2748
1496
6927
9201
6630
7146
3385
891
7606
9103
9310
723
8361
6937
3871
2115
5692
3602
2640
1259
8191
2643
4056
5085
7285
2868
8750
231
9432
7347
1457
3636
3575
6972
3751
8214
3067
6322
9410
4637
6399
6797
1254
8033
481
228
5405
7365
4759
5920
5851
2532
2530
8846
7309
527
300
6879
986
6448
5621
5583
9532
5346
5077
4328
4785
5507
5178
3049
9946
4801
3812
6251
4896
8667
9732
488
823
1192
4752
6276
8825
872
204
5216
4053
6716
2610
8753
6195
3004
5917
9961
2286
8057
8747
8264
3389
7127
9112
4819
1437
634
3048
3981
1970
5746
153
9965
2176
1659
2164
3268
4785
6784
7532
7173
5217
9333
5412
8464
5370
1533
5245
4801
1772
9866
1405
7596
4314
2916
3252
7750
4842
828
6797
8782
3728
5041
8684
6477
1108
711
4269
3447
2128
3624
2386
4884
8326
5956
3789
8513
83
1778
5558
2212
508
9093
6652
433
7646
9775
3030
353
5616
5446
3116
4880
8193
7995
4939
3184
3343
2450
9875
5992
417
5968
4443
1890
5102
9677
9256
3981
3287
1006
6435
7488
6128
7154
8546
4533
2731
9313
1084
6859
3759
186
3658
9171
253
5453
5478
6149
9028
3561
5627
3556
7808
7692
8600
5444
7495
8711
7111
4886
7853
7398
7617
1966
6194
742
4169
7026
9953
6639
1513
6156
4982
4115
4875
2040
299
7056
1440
5720
1952
9104
3246
4104
7137
5509
9243
9913
9223
7538
2345
5134
8725
9577
1914
5207
6482
5424
4861
9823
457
5377
3509
6866
5477
2148
6438
1965
5251
6259
2769
6916
8236
1458
2605
4726
1851
4787
5629
6108
5098
5461
3621
9097
7254
7004
2025
8956
7377
3051
1726
5254
3455
169
7021
2116
350
4933
8208
9486
4646
1758
4974
3180
5040
124
4342
7830
9583
8312
895
8764
7614
2421
5596
3809
8302
8473
7693
7350
92
4871
9190
3974
3456
2
3463
468
6456
702
9430
1146
9528
6480
355
6954
7392
7640
1364
8561
1189
6140
9755
6123
5437
458
4669
5229
5355
5942
8530
2594
5226
6890
5140
4363
2353
5475
3017
2541
1408
4860
5037
2468
7344
25
842
9136
7374
5866
6930
3263
6730
1669
3330
2208
7425
8433
3628
4399
2156
1185
7245
6814
444
4390
1893
6662
4509
5977
8171
9803
8784
4180
6758
6028
1753
9617
9045
3965
1284
7454
2412
7798
7365
9033
9360
4888
4526
1973
2494
6368
8438
8913
4906
6028
6684
6894
4715
7798
767
1850
7015
3132
5163
2034
6622
1401
2539
7806
1989
1649
6525
8525
4349
1557
3358
1336
2889
9780
4211
3923
6208
741
2161
5470
8615
7853
9557
6166
9270
6406
4813
3514
403
2715
6102
1412
332
7244
2781
1550
3261
3340
1243
9926
9306
3200
757
3078
7110
2221
1592
3015
2320
2048
459
9840
5432
5670
2340
6352
7564
2005
8296
2066
2593
3396
156
2154
3593
9906
5144
6143
9703
1072
3144
1665
8759
6087
5687
6967
984
1135
2192
553
8439
41
9331
7720
7075
1715
1723
9031
8740
890
2114
543
4079
4877
4754
535
556
1734
7795
5801
7544
4880
8991
4477
9441
7042
9952
2245
7342
7711
5309
5000
1179
1220
6244
3555
8803
7681
9285
3644
126
8295
9008
7
4839
5400
4979
992
2434
2325
1902
6953
2737
9762
6401
5494
7459
1231
1456
7879
759
3369
8816
6761
4260
6404
1369
7380
541
7958
5870
5825
9467
5570
6343
416
9173
4816
2338
6615
2814
1430
5013
4300
4927
2884
2383
2912
3613
6862
4257
5264
1472
222
4050
105
9054
951
9501
697
2652
4670
6690
8295
4595
4075
4717
3405
2550
2201
8799
5405
1718
9624
2347
9724
9627
5995
689
2677
279
3452
2288
8653
9692
1376
3828
1480
3887
4936
1472
2987
3797
6799
745
7390
214
6772
3291
3282
8848
70
8735
2347
8143
4849
3070
4458
3993
6791
7737
1557
1208
9781
4095
6947
4154
2438
3739
9451
5936
9440
9230
5469
8441
8773
2574
9145
7102
5827
8045
9414
1473
1333
5334
2529
1294
7898
3596
9639
402
2704
3798
2663
5111
4306
3067
4467
8280
5677
8127
9778
240
1444
5907
4638
8453
9405
1044
4998
9626
7030
5448
6243
9466
8134
4933
2631
5861
5822
6292
7070
6770
243
8953
4550
8507
9463
3686
657
4244
7599
399
9274
8179
2410
505
7977
9110
7299
8396
7473
4559
7174
6655
3321
3070
9575
6433
6477
4608
1542
4406
1582
8980
8017
7053
4688
7908
3508
58
8692
8286
2137
1200
2054
1955
6076
1039
6871
5415
3645
7854
2774
8610
4894
191
9692
1839
1923
1678
8352
4613
2770
1551
1720
3832
5435
8960
2940
1989
4758
6482
7900
6131
3414
3996
2104
6921
7577
687
9074
6673
9573
5601
5067
7696
9951
5313
5951
2837
2473
6362
9011
3310
9233
9123
1833
7295
1356
4293
4733
7075
9212
3594
4765
9661
58
32
1058
9143
9672
9036
5735
9994
2196
234
8994
2468
8363
1061
907
6670
9567
4514
1214
703
1456
2093
38
8573
8736
6166
9295
4646
9646
7570
2180
383
9154
1819
5924
1101
6280
4831
4870
3877
3211
1402
649
4596
9401
1612
9325
4216
5863
9095
599
4157
3907
2827
9379
7455
935
355
3392
8124
6542
5345
734
4523
6022
5993
1583
827
3883
4596
9693
3277
133
3734
1131
4726
4713
961
2102
3770
1824
3018
9375
6335
8535
267
6978
8661
5557
6204
3824
3400
4514
2449
7103
3398
6959
5901
496
2614
4797
2781
2072
7042
5785
4123
3749
9749
1786
9819
9400
4016
2694
591
3370
7308
949
9818
5113
4364
4699
4979
5829
1335
2667
4858
3432
9734
2046
1959
3050
7415
3678
3731
4554
3664
6021
9360
7478
8282
2940
8440
9319
8029
4624
3795
9202
1736
3437
9398
4077
347
3132
7545
8977
3100
6440
8290
1666
6943
6051
5488
1836
3354
7240
5000
8501
9458
7537
4884
3356
5506
2740
4831
3485
6272
7858
4788
452
6232
5676
8248
6288
3185
2330
1047
6424
2377
9039
9714
9583
5372
9204
1942
9293
243
8628
1153
2254
3722
177
4973
4768
5464
8363
1193
7722
3215
602
7495
1325
4629
6921
1371
8600
9911
6952
6507
2709
3208
9429
3763
1807
3452
1816
9056
5159
3326
6836
3284
9400
9837
4130
4800
2278
3867
4112
2349
3134
3795
9834
6067
3956
8155
424
3806
6978
1305
3035
936
6514
3738
9482
505
4102
187
9125
1419
681
3274
9885
5767
5457
7141
7636
8636
1143
312
9815
279
2472
1645
7168
8085
8426
8992
3754
5981
9405
5167
9775
3253
5282
1720
9820
2830
3014
6495
224
4730
1623
4215
2694
7311
8278
4011
8643
8696
9430
8471
6011
896
4726
5034
1134
9754
3279
1254
3020
8658
1096
3860
429
2479
3919
7550
9133
4798
8905
8261
1803
7489
2864
5967
5707
2023
8353
8004
7102
2942
7213
3371
6931
7320
7326
7048
8016
4161
2575
3850
9511
6684
7004
4454
6460
8094
7311
4727
506
6916
8018
8448
5184
5742
2251
2668
8464
1336
2542
7673
3684
6472
7148
8407
6777
9278
4572
9504
6287
2620
3234
6643
1689
3307
5093
6119
4749
8815
8644
804
8356
5899
1862
950
3736
8415
7971
6154
2075
5251
2894
8192
2868
2105
9952
3800
8800
911
1021
6994
5179
5112
6375
6323
4074
7757
9190
7914
4941
6882
9861
8248
757
8591
2862
2792
7119
3367
7491
5458
7499
3771
2799
3925
7575
4829
4190
2840
2836
1975
9628
7035
344
7499
9022
151
1572
3947
9879
5704
2490
4875
7536
446
2711
3805
7481
8218
3500
9826
8022
1980
6932
2638
3318
3327
1988
4313
4609
6769
6089
267
8551
4311
197
445
133
5479
7890
3420
4201
5140
7303
1041
4606
5073
4632
870
1789
8852
4468
6912
4777
9795
4147
1987
5356
5984
6627
8254
8724
5498
4595
1824
3
5497
7566
7703
3335
2906
1084
4862
352
7596
9298
6516
5490
8155
9969
9928
3488
5138
7413
7703
3768
8730
4658
86
7978
5239
5425
8535
7358
6319
7987
5466
3673
7678
5454
5058
7158
1600
4575
4565
222
7175
263
1287
7136
3260
1376
4444
7529
4174
5208
524
6662
6993
1077
5942
1523
978
6897
1357
1156
7941
7688
9484
6309
1320
6448
7419
5497
925
7500
6370
3689
8606
2403
8825
5755
5133
5947
5147
5064
9960
8101
4362
6223
6050
3619
1944
3446
8914
4492
7709
171
8712
3528
431
8514
2452
390
5813
5129
5897
8168
1261
6885
6783
6262
184
7130
2627
7347
1983
2724
8841
6582
7245
5705
6948
8319
257
6928
6637
7160
4479
2309
9780
2289
3549
4836
3435
2755
8810
3386
5018
5770
6292
2225
5579
7851
5078
4333
9952
9512
721
2652
1801
7010
5527
2222
6890
1435
659
4700
9715
7104
1611
954
9624
8435
661
7383
3024
2692
9070
5637
321
3648
8475
2670
1791
8619
5265
7366
4478
6224
6415
4512
8269
3191
8327
9555
4671
4913
6672
2683
6100
7651
3796
7966
5829
6410
340
694
4244
8996
582
3602
3787
7962
7514
123
9289
8054
3123
1398
6046
6565
8860
3835
537
9901
6507
1956
9215
7421
8487
6557
3394
7831
17
6886
5020
6645
3709
7780
9974
4569
4538
2300
1673
9872
8564
1832
4111
6109
3956
2439
2469
10
7345
8702
6480
8415
9036
1924
928
7266
5230
6879
7363
6303
2123
4942
8977
272
8559
7890
8935
1749
7997
8409
7143
5857
570
9188
1145
9669
6261
883
1138
8918
9754
7718
7214
4937
4964
8711
2210
4199
1854
3945
444
9978
5064
3574
367
8686
8991
316
9118
3093
8101
4151
6402
7808
9491
8918
1820
5868
2623
6253
2719
8175
1
3766
7791
7928
5052
1263
3039
4389
718
241
2312
7
7644
595
2759
6912
3972
6481
3891
412
6726
4593
4559
8653
1056
9569
9730
3687
5389
4332
8380
2661
4673
7615
8896
5272
9822
4271
3002
2185
348
7667
7309
98
4295
2144
1817
738
8191
818
7763
2201
5152
6540
6579
3624
7725
2745
8567
4145
6198
7545
7594
4912
5031
3064
418
3958
3586
3225
4300
7227
29
7080
8089
3054
3843
2735
6329
3439
6170
5271
9700
4791
4840
5992
7244
2120
7668
1740
788
953
9718
8671
6541
7044
7005
87
5462
4241
2445
3193
8389
7311
4248
6183
2831
9053
1637
157
204
916
4213
6783
666
4494
6311
6230
2407
5452
7138
4386
7197
2496
9102
8728
939
2241
8799
8414
3752
1293
6801
6568
1226
6452
3789
9895
5217
72
1141
4136
2876
7369
6925
7977
4356
5296
6425
1637
6066
1105
3294
263
5823
7103
5705
598
1697
2519
8307
4717
6769
2733
4544
5996
1178
8317
5061
412
3676
6303
1813
9514
6962
4912
2561
9463
7536
3983
4086
8865
8758
2071
3432
8022
385
8650
8316
8832
9161
7272
2960
1796
7964
1623
1748
4412
1699
5446
2005
3033
7896
5303
1160
6169
5797
8275
7146
6048
8425
4570
5536
6379
6210
413
5224
8979
8346
2997
5144
2363
6027
4901
7950
5720
80
8716
6293
3088
1578
67
1018
1288
5112
6988
2933
7141
6832
3311
5456
6853
4561
7679
6989
7223
5648
6816
7269
2735
1766
6639
8896
8659
1640
9443
8999
4863
6173
4727
1058
5202
1337
4319
4778
1498
5979
8098
701
1180
2782
6737
5785
1330
8512
4193
7284
9957
783
9958
8137
4189
9234
7058
5965
5117
6213
4430
3989
3621
1839
3328
2396
8675
2429
9112
8016
5356
9094
3385
9309
7006
6407
763
5542
2410
3071
8406
797
5465
1799
8510
7657
2317
8421
2397
5372
5052
9883
7886
605
4474
8101
9669
9934
2800
7621
8530
3623
9745
1926
8416
4229
7264
2663
8156
6765
1825
3775
1599
7245
2510
6150
7493
1807
3877
3449
2140
109
6832
5914
7729
8079
9503
1082
2245
7380
4757
4221
8928
8492
4649
5788
1513
3939
1648
8792
4881
3518
1946
9685
387
508
9692
4444
6209
5633
1502
5338
2855
2511
3110
5390
5023
5001
3508
3339
4302
5816
4714
1683
4242
8815
7192
3392
1870
6754
953
6002
9267
7188
8746
9780
6539
595
8169
765
5469
9270
8778
9492
6860
6835
6927
9792
964
7422
7360
4911
4119
8327
3633
527
523
5843
9827
2190
8131
9536
2069
5075
3252
669
6131
4835
3055
6867
1601
7904
7899
1898
197
7657
8505
9625
88
2450
5656
5455
3441
7724
5456
4177
1873
4652
6284
2201
6318
933
6520
5696
5709
9863
7761
839
7164
8654
7249
4607
999
6585
1552
8650
2774
4794
1735
4519
1414
8909
5137
8229
4112
716
8992
3267
2606
6721
9664
2596
228
185
4144
5944
435
4723
2496
8379
2890
9641
8855
7815
5786
7601
1634
3296
2814
4064
6930
9107
3433
8359
3752
2089
994
7269
541
1931
2101
9186
4215
7781
2563
1431
3858
9770
1138
5105
3816
4027
4994
7846
5981
4444
6252
6217
7644
8458
9655
1325
4511
4550
8889
9021
258
3905
6052
6629
4052
8768
8342
8927
6770
1342
850
6313
3799
3049
5945
7692
3496
7374
5370
5187
7127
4812
1732
433
891
6706
2326
4292
1395
9891
9498
1434
2080
8928
3437
9336
1849
8464
6130
1316
8215
1544
7148
6161
7510
3227
5159
6317
8422
4978
6436
150
7359
819
6189
3032
5981
6782
1476
3670
5832
1383
5319
8062
3442
4933
8059
7740
4862
8804
8559
3765
563
8570
8165
518
940
4530
6983
4308
8161
9768
1126
8458
7592
9685
3261
9411
9664
3701
3015
336
2856
179
4300
2839
8127
2614
7689
3923
405
686
8833
5272
392
9445
4424
4248
8716
2870
6994
3483
55
4058
2687
544
2282
3262
9500
3260
68
3737
9461
7185
421
8879
571
8
1688
4763
9821
9851
1480
3298
5273
3888
2966
2117
552
4087
6831
8979
4804
9779
5279
4443
6790
7339
8457
8421
8203
64
4868
8695
6458
4981
5153
7349
7351
8753
2456
5004
3029
4497
3700
1800
3564
8544
3992
4797
6871
3112
8775
4442
2831
4867
9732
9540
7203
7654
4769
4212
701
7137
8921
9225
8270
1122
6783
9046
7803
972
9982
1661
3200
7848
3505
4834
7580
3865
2613
4260
4659
1
4678
8795
1972
5325
2505
3981
4963
6885
9789
896
5437
6117
7761
1804
828
4533
1099
8217
7265
4138
705
221
7192
192
396
1101
3972
8937
7940
763
7716
4416
398
7996
3486
8332
5347
9629
9956
1163
3986
4359
3734
9832
8445
9104
9858
4140
4335
7477
5819
3275
1596
4138
5083
9514
9296
1913
8786
1745
7115
9089
4664
2095
8814
2218
7731
2326
6533
2008
2588
3179
6421
3075
9187
8122
9362
887
8909
7817
2258
9008
8072
7194
864
9625
8347
8529
8850
6235
5809
8415
3259
4748
4827
6964
5577
258
3811
8957
4390
2996
3115
1956
7872
4583
9762
6696
1929
6543
8974
5806
5313
7730
9053
1001
4733
7756
354
5127
4503
2350
6614
877
3954
8624
4071
4102
5569
5207
8120
103
1446
8584
5789
2861
5213
6285
7052
1565
2506
5740
2433
3127
5226
2757
8699
5912
6198
615
5975
8402
9934
6790
8218
7326
759
8163
1604
8797
3282
5890
7334
5051
5845
8066
3514
8107
8580
4850
484
7226
7892
9095
6914
8226
6787
7170
4432
8279
8246
9625
4962
7396
5046
8396
6618
6578
8846
1766
5462
7660
8588
7862
3960
3186
2688
3001
9584
3644
6051
6717
3890
152
5344
708
9819
6880
4084
2972
7176
7041
8895
5432
7328
5653
496
9322
7749
5702
8819
2183
3754
5219
3664
6206
8240
8956
4100
5054
9978
4588
7335
8208
4659
9177
8522
5730
8888
5822
5150
9145
7584
6779
9125
6892
2963
6024
7512
6077
4161
6099
6075
746
7477
2771
7521
201
4907
1719
7708
864
5421
9600
3647
365
8995
7630
3204
2429
4160
7119
3868
5986
3534
5991
1671
4083
1035
8735
7947
1874
3674
1880
3860
2540
2181
9771
6663
2475
7536
4980
5997
8129
6279
1839
8974
7712
4504
7380
7322
9632
7391
2637
4289
9337
1665
4944
8255
5636
8116
7252
6999
4522
9023
6505
5172
6000
7355
7929
5194
2814
2670
3253
3276
6951
1186
9283
4855
4660
2966
9432
2039
7654
4710
984
8761
2738
1615
8488
8496
5416
16
3313
8882
7466
5379
3176
9039
8713
7015
5304
1276
4026
6984
9831
4377
2200
3485
4717
7155
6197
7631
6334
2578
887
9627
2318
8554
8837
7587
580
9550
7530
5441
1716
6358
111
4174
3563
8708
5695
8125
1665
4947
7575
4424
4705
4384
919
1396
4163
3214
2411
4800
7924
532
6080
5413
3172
6367
684
6104
7297
3844
970
4826
3017
1227
214
1822
2324
7621
1762
254
7606
8815
3477
2133
6774
5110
200
8664
1460
5573
4857
8995
8989
335
4936
6346
103
9368
9916
7388
7194
5085
6517
1905
8820
1696
4162
1107
5817
4512
6604
685
4905
4809
8651
914
8942
3237
4926
69
3146
6874
4668
2469
2384
9226
8462
6856
5673
330
694
7561
171
8012
5479
5950
1965
514
2326
6639
4341
374
9455
6974
6604
1866
8509
1933
1300
369
7590
5915
7179
9007
5495
3420
7713
5587
2279
3448
7574
6787
563
6044
6962
750
1296
188
461
8347
9142
7994
934
3044
8839
3696
5398
1071
5853
4742
1179
3637
2003
6645
9774
2277
8886
3449
6368
5250
5484
5290
6774
3697
3607
4677
7741
6488
9923
153
6954
6975
4261
3070
2028
4770
9915
4942
8594
6938
2729
8848
5305
3747
8228
2159
9726
5789
7782
2369
1377
8782
8521
9098
1637
6264
7849
4600
5920
1272
9197
3442
6580
9647
5230
7180
7956
9240
9659
5384
9918
5417
9440
5678
3866
6092
7912
4384
8359
9948
9146
6370
1849
8043
5118
3049
9312
5951
8687
5327
4023
9754
3124
7966
6569
1799
5379
4636
6196
9126
8702
1514
9415
2192
775
6851
3117
1482
7749
8438
175
3853
8533
7710
3474
7128
4852
9383
3496
98
8738
8644
7591
6232
6078
1472
2581
5830
4112
7301
9576
4208
2741
5279
7206
5308
3319
7508
5793
5829
7005
3275
2705
7288
1309
7080
580
7518
3517
7858
6146
5278
7886
8905
1898
108
4568
5761
6561
6227
4931
8389
4536
4318
6783
3824
8637
3694
3976
210
7278
6947
3252
2618
7449
8872
1765
8932
2253
6403
3804
1615
4751
6987
1577
6144
5893
4148
8854
2278
6450
9953
7098
5131
8729
434
6107
2495
6031
2591
9372
9288
5277
8553
9016
969
3561
6597
1716
8991
5395
747
6158
2084
8166
1199
5125
7370
4083
122
8446
1752
3450
7561
2138
9722
4261
5556
9311
760
8919
6637
8492
748
7593
5364
2834
6318
215
2312
2341
2286
4022
1063
4007
6588
2276
4816
6169
5832
867
165
8563
3205
4879
8137
5759
5449
564
7257
6211
3606
6327
5793
9093
68
8191
750
5686
8701
8497
8482
5231
5082
4637
2284
7543
1233
3650
488
8623
6159
1776
5511
7004
1471
418
5098
8731
9577
8281
3832
4652
7891
4246
7216
1864
4403
2015
9158
8866
3517
6382
5201
8238
5352
240
2225
734
3727
9682
9680
5890
1283
9685
2906
563
5222
6247
8141
2098
7743
1596
259
2065
6255
7065
3242
6244
2574
3933
2319
7708
769
2638
1326
6916
5182
1682
4595
6805
9616
1650
5287
9379
4760
5979
8355
768
930
9614
5797
1502
5140
2606
2968
2140
9169
6305
8068
6558
7171
5000
4425
960
4046
481
2441
1470
6928
5311
7393
2362
8084
2860
5409
9684
4119
4062
8140
9908
6586
3296
178
2337
7672
6984
6768
3967
6659
2666
8838
9823
4710
9578
4358
3441
989
6456
5560
6642
3590
804
2363
3038
9981
6065
4544
8959
554
5716
7776
6144
1480
796
3479
5762
9160
779
6630
3659
5354
2304
6265
1405
2815
6516
6278
1883
8159
8558
1946
9612
1724
7961
8620
3812
7469
4947
9456
2330
5071
5584
9495
1719
8851
2280
7282
4603
4514
5647
983
5005
8035
7282
6646
4707
6846
5790
9004
8381
5300
4540
2508
439
5818
5454
1936
6233
983
9219
5359
1244
2866
4693
9928
9305
1383
4834
1002
9899
2561
6795
5447
9823
6618
3443
6056
3007
9049
8863
8839
390
2966
43
343
8994
1814
2764
6505
2431
939
1451
6823
8443
3306
6288
2309
1006
3011
9266
2321
1161
879
7610
586
2211
3268
21
7610
759
2404
6951
4855
4103
4897
868
5021
4023
1124
3374
6346
5286
9868
9269
6299
1534
2054
1323
5985
477
5871
5337
1461
8823
6547
7087
7861
4311
2042
5720
6219
5907
2911
763
1437
8961
6346
7063
8603
621
1145
1685
5284
8975
9804
4276
208
3404
2586
7930
9069
4658
9004
268
92
6975
7929
5446
2154
828
353
2229
2443
3061
6872
8346
17
8551
2576
8590
3965
5214
4935
4447
4865
9243
9229
4707
9396
4966
9259
6656
9790
8847
8579
6949
1001
3756
9787
899
5912
5000
488
7684
7075
9367
6158
8553
826
802
7328
351
1842
88
9117
1859
1459
8229
7349
7173
1122
2278
450
5971
141
3289
9356
9098
5803
274
3736
4068
9086
1317
9683
1691
509
8173
3707
5719
1428
1574
8978
1235
2385
5184
8413
5848
8088
2581
1184
7768
9725
8590
3012
4270
3282
3261
1558
1816
3323
6566
2595
1097
2568
2882
4130
2288
5392
2941
6704
8032
6049
6618
3664
1601
6462
2038
6389
4450
4591
6910
5373
8171
8945
4029
6449
1472
4065
355
6235
40
3757
5378
419
1837
5025
8876
1262
2340
9236
8101
9299
3133
6847
2407
5226
7038
6871
9626
5396
4494
5806
5288
501
9830
6236
105
5038
9638
2427
7139
2380
8655
5753
8938
1173
577
8440
9359
714
1539
932
2383
6226
90
6987
8
3214
5786
163
9718
4809
6209
8779
833
4236
7013
7659
8961
2378
2699
9240
7237
7369
5702
9212
530
1004
9018
5848
2735
2777
444
1275
510
2251
164
6378
3971
7473
9265
6254
5794
604
4639
5528
2266
663
2154
8776
4786
8950
62
1470
6488
1684
3521
7433
2678
1246
4917
1654
4560
5385
6484
7151
7592
6917
2818
2215
2848
9104
5829
5687
4348
5620
8130
5194
381
1596
1170
3193
4978
3083
9287
4303
6354
9529
8194
8899
7595
9356
4957
6674
7810
9203
2727
8208
7489
4986
9183
524
7090
8783
9545
6713
8881
5843
2005
5620
3765
6812
1972
2638
4867
1626
3559
8792
7124
1799
4089
1120
3191
9582
4831
9080
7251
441
6052
5485
9402
403
2902
4894
9047
9206
7429
2800
2559
8160
5809
5156
2573
5032
3836
2059
8238
2689
7388
3842
2914
1691
3676
4877
7481
4153
9968
7338
9885
3209
7359
3952
3678
7599
6685
9041
7623
7989
4521
1047
7806
9871
2192
7380
3865
8093
4745
9453
4194
1190
9110
8184
971
9203
7684
9336
8557
5213
7765
1002
3227
9308
7039
1640
9357
3444
4395
3603
6810
9492
7062
8199
6424
8753
8759
6292
6363
3659
160
4140
664
3955
2669
2770
873
5893
9792
8029
8856
9575
7687
6814
5000
3777
502
9366
5974
4437
1088
5157
4945
768
7164
1796
524
6432
1191
8727
7569
935
79
947
3080
5242
7763
4852
2150
7121
2986
7501
8731
7697
9159
7588
4991
1305
7642
4345
5660
8268
8825
3882
9785
7414
620
766
8362
55
6139
2544
879
1527
7203
8986
317
4152
4403
1160
197
750
2304
6514
7048
7539
5947
8101
2117
4307
6477
3938
8488
3918
9440
1428
9540
1914
7332
2131
4600
956
6261
995
7448
5755
8634
6809
174
958
1076
1462
8908
2243
8725
2661
7461
6447
5676
2531
3496
5000
8623
8661
6595
3172
1281
4379
8236
3811
8483
7056
4696
1818
3892
5788
8663
9240
3380
9249
2247
291
715
9313
3414
2120
3112
6048
5979
6051
905
4002
2222
8907
6185
4105
6773
7025
1871
5348
6452
5468
6460
4806
4307
5995
8644
6631
6765
761
6386
6907
3791
1603
5524
390
5089
1769
4391
5146
737
3907
5015
3358
8124
9863
402
1152
7368
4452
2280
3005
6443
5183
9881
1570
9315
280
9517
4927
6929
7053
4416
7205
1861
164
6006
2654
4072
9369
9878
7037
1950
9321
4851
2535
1800
8969
6400
6316
7214
4892
9994
7908
5678
375
7026
9948
5359
8221
1158
4192
1972
8706
7400
2420
7358
1619
3945
3824
3485
748
7068
3675
7100
5958
711
5934
9869
6880
8361
1093
6976
482
4747
2638
2775
6069
9552
9088
5347
288
5183
2060
6679
4996
4356
3824
7597
1115
3643
9427
9658
6561
2120
602
9730
1094
3364
39
8290
6539
343
8412
2312
6451
8129
983
2161
3183
1139
176
8517
8079
9476
3744
5918
2664
6218
5307
9020
9538
4821
7057
1016
472
8974
671
6786
2120
7232
4868
8601
9574
6330
546
7535
259
7222
8666
4246
3027
4087
5025
1720
1459
470
7763
5235
5758
426
6573
9708
9578
6014
2632
9057
845
5346
2708
1241
785
2948
1810
3064
3697
1462
452
9692
7012
4578
2533
9138
9894
3565
8892
5340
4198
6908
6613
2398
4544
3107
5217
7683
9743
5498
3551
4768
8327
3752
8574
9276
3142
1456
225
3001
8256
2745
6196
4138
188
2482
2018
6352
5997
5047
7691
6117
5898
7888
6245
160
9581
8624
9586
3427
8610
868
2980
5899
3363
6950
1534
9330
6146
4460
8757
4643
4417
3459
1096
436
5483
7085
2929
8142
3564
9972
5399
4786
7701
2538
3060
7990
1171
1238
2110
1349
4975
7978
1989
2170
7095
7647
4085
2952
4484
7077
9631
3200
6177
1312
8433
8895
334
3214
4306
4582
8500
2294
5822
9360
2686
5056
7731
7108
7531
9135
4940
9420
566
3831
3322
2113
6657
5411
3828
3107
7090
512
3962
4087
5607
9298
4822
7738
7165
2567
9861
1394
3222
605
803
4259
6673
3847
6449
5743
9573
3903
5905
1377
5510
6713
5171
5206
6881
4078
4225
1906
951
8486
9487
750
5944
7158
9005
6232
4641
9388
5982
6673
4980
8329
2451
9644
3636
7165
8250
8949
4717
8887
779
4640
8373
5624
5951
9336
369
6957
6458
4197
3738
2813
8009
2210
1972
3694
2355
3807
5188
4454
9784
9867
3580
634
394
5534
2713
3075
8368
6772
9012
4458
346
6046
1432
5481
794
9852
9142
400
2892
709
1650
6435
1405
3569
3183
7215
703
5741
2877
1106
252
9654
7309
6054
4695
3109
5905
3426
506
2144
2626
6957
2769
6722
1151
5336
3510
8206
3390
4513
1307
7399
2888
2545
139
5789
3650
7056
3102
4905
2559
9139
2352
294
6339
5371
9330
3942
6225
8045
1814
3914
9117
16
3329
5831
2941
8511
2618
7161
7274
8642
957
8759
3771
931
9640
8528
9492
4003
1634
8727
226
6267
3461
4240
6783
8831
3116
9613
7387
8139
4050
8858
8097
7142
8829
1814
276
1526
1187
9029
8326
5312
5857
4502
2750
5312
9066
6855
7519
2805
8010
4616
6990
6943
9906
332
4063
7356
7132
9382
3953
5644
3483
1514
9328
2121
8689
7394
939
1041
7292
2053
6947
3332
1454
4335
9752
4745
495
7532
1213
9334
8034
6485
4517
7258
509
3476
5766
2336
4055
8467
6875
2007
5446
3297
6738
9127
326
2451
4309
8711
5944
4731
5697
8378
8440
4392
1105
5087
7550
5022
5791
9782
9994
3287
8072
2689
8443
3347
5801
2249
4536
3693
921
5552
7322
508
3559
5892
2559
4705
4727
5685
2428
701
1990
1937
7950
5986
4088
1702
8710
3721
4239
9544
8601
4734
9883
994
6206
3348
2426
9167
4018
3517
8553
24
422
6833
1690
9135
1931
7392
3165
2668
5343
5296
7383
9613
6401
5876
457
2208
9158
4678
6989
9969
6365
8714
7214
493
3174
5339
2077
1578
4542
7039
6816
2449
7600
8212
2901
8310
6733
3201
410
2273
724
9849
9461
8063
2826
8908
2361
1755
8481
9124
1015
419
6504
2957
3922
9881
3069
8313
5187
3891
469
2245
1759
6080
348
1216
2393
5550
3654
3169
1855
2788
6980
8092
7378
4739
8188
9563
668
303
25
339
5000
2311
9762
8426
5251
8962
7148
669
8811
668
3852
8703
8631
8280
2537
8103
5650
7220
2928
1177
1158
2699
1691
634
3906
9396
171
4851
6153
3847
5188
5477
190
6219
6636
4823
8837
261
4730
8835
1124
793
2334
136
2345
5772
9358
7027
526
8569
9644
6889
6560
4595
1759
1175
198
7256
8438
3165
5976
1413
2380
3604
9776
4354
6513
2707
239
8586
3283
2347
6209
3935
9580
5262
6521
8709
2027
8281
4483
530
4579
2182
9333
9040
8116
8785
7982
4096
8111
2167
3602
9569
4047
3286
8736
1493
6005
2991
6261
3188
1546
8749
3278
9553
2361
9224
7183
1179
190
9062
1638
8567
875
2006
55
6246
2482
4307
7356
7135
2320
5558
7261
8656
8643
4266
2848
8991
1357
3230
9181
8791
6156
6725
2884
7815
61
5298
3602
8948
4104
1178
3678
5410
5787
177
8744
6112
1660
1359
1894
6530
6260
3945
481
7729
4131
5738
8313
7796
6992
7072
8550
5980
9677
1149
1078
9281
5275
2040
197
7912
8450
2088
8980
7646
2498
5509
669
2414
4797
8456
2774
2170
8574
3754
3341
8605
183
2396
7759
7706
270
2427
241
4608
6227
3332
1282
4493
9316
4372
2033
8996
9094
3881
658
638
1363
1457
5074
9014
5987
1293
7572
9649
2344
3080
5844
3562
7573
5130
1249
7506
1983
6886
6970
7799
3826
1673
5560
9406
9809
3016
3602
6779
6381
2910
168
7351
9484
5798
3409
6409
5136
9173
5345
5194
4954
3295
7239
4743
9788
1899
2307
7498
9471
6329
1815
5448
1488
7955
8718
4304
164
3312
5648
7890
1559
2213
3286
7364
8295
323
7320
6690
550
9308
6045
651
133
3334
9418
9464
1735
6367
7515
1375
5762
7189
9134
5429
6805
635
210
7002
9904
1570
733
7592
8126
7744
4136
8334
9549
5473
1859
7346
1370
6571
4088
5971
2886
9943
6483
4731
3617
4513
1905
9999
5747
231
9256
1849
5315
5385
8568
2903
2443
6603
6527
554
1408
4322
8881
1081
3805
4951
4680
2169
4100
9283
8768
412
3106
7447
3846
3717
3855
3243
570
2468
9162
2889
846
1672
2630
7523
8748
609
5394
6000
1979
7972
1041
5850
9032
5537
4508
4044
6691
5917
5410
8442
7095
2247
8236
8751
5147
3685
7472
3260
9835
5272
2556
1803
3935
2004
9088
5055
1501
3031
3859
4676
9596
1143
3631
4336
9963
5960
7052
9880
6325
2078
6449
5591
8678
5664
8484
6363
5494
2490
5065
2860
4354
753
5761
2033
7363
8966
7763
355
3942
3357
9334
990
7645
1227
8040
3850
6024
6743
2756
52
7895
1830
2469
1303
4415
7483
5596
7128
307
2578
6373
3555
9119
6086
1735
8794
3338
8358
2265
8895
862
8662
2168
7013
2012
912
6191
4857
1691
7963
6063
6888
3345
2762
8195
7540
8796
6368
4799
5375
1608
9359
1480
2677
8852
7405
1825
5187
372
5304
7463
8566
5803
8400
2891
7960
6843
8322
450
909
9673
5288
6863
7582
9227
4415
7632
8841
3712
971
257
8203
9062
8741
5312
7850
7195
3623
6869
4572
5805
3562
298
9510
4965
7039
8680
1728
8582
7632
1273
1251
2751
1802
8415
3328
128
8606
4857
8464
7075
4499
3147
865
309
7373
3703
9185
1750
581
4375
5776
8260
9516
6488
1228
1847
2917
8741
9415
3292
9204
4645
3220
1689
4372
919
390
6825
2088
6973
9116
7927
8057
627
5171
8779
361
2342
2616
7486
6617
9336
7607
6841
8897
6833
6632
5105
8231
678
6734
3189
7687
5380
5738
3205
5231
4603
1609
7589
6935
9114
953
5430
3080
5193
5394
3594
1785
6006
4110
2164
2696
5826
9795
1542
7469
379
3757
6300
8981
2386
145
1619
5254
8092
86
5751
3796
9596
1793
7482
8485
4314
5098
4900
3934
9852
1547
2672
6304
3348
9783
9186
7103
8338
1544
1286
2036
4671
6779
2517
5171
8440
1094
9638
8370
7829
1498
6651
5012
2444
9497
4944
5589
3150
9634
4384
5126
299
9893
8026
1834
4857
4094
3647
9425
3497
6371
6646
5157
5334
5189
3445
845
6817
8480
8108
2691
4332
1453
6665
8657
2196
5926
4209
6308
8194
6360
1220
7952
5870
5893
1003
8461
1893
7071
3966
4282
7374
6092
8722
229
5553
2380
5286
4277
6850
128
1039
6757
2418
1135
8522
5728
2839
6081
5515
6902
8604
7764
803
2098
3469
2491
1769
2044
6444
1245
6362
9730
2779
9348
1729
2644
7685
9137
569
5316
6722
960
3907
1429
7955
5381
3218
488
974
2779
4822
8053
2958
5590
8831
8604
8055
3412
1629
5491
9165
9147
2929
8887
7618
3136
6162
5104
410
7621
4545
916
5575
5679
6878
8747
9923
5318
5930
1624
6101
2060
2154
7249
6929
577
5073
8434
7834
491
7681
8716
3997
4708
7891
7993
3016
6741
4370
8510
1894
1121
752
3127
9862
743
9987
3376
8322
963
2179
9833
2734
9199
5451
8955
3951
2099
8245
8307
3834
1203
7531
8999
936
5030
9584
9368
3184
6009
4574
6653
1051
1287
4094
1851
9547
7524
31
6706
9679
767
91
4630
4994
5706
5001
7990
7714
3870
3313
7234
1040
416
5907
306
2520
6578
198
2149
8814
22
5821
3105
5384
8915
4177
3307
3985
7306
7101
3123
8700
4199
1167
6152
4874
15
5590
8841
2499
8976
8395
9791
7943
6777
3796
8823
3615
3087
7510
331
4731
7511
6131
9322
3643
7615
4879
6437
8626
4249
2080
9307
6281
7035
1442
1728
6317
8057
6579
6415
9774
4803
5590
9872
9604
5027
1959
1980
6542
5621
3471
6093
1419
3740
6768
757
7552
1180
3760
2888
1996
2279
1933
8826
2265
7165
2955
9430
4002
3272
101
9639
5911
5331
8972
7594
3510
6549
99
5322
1820
9999
937
4102
1167
1469
2877
5323
726
2282
1297
7170
9642
3026
5427
6871
2771
992
9012
1666
5840
7984
309
7274
1492
9534
8080
7045
5517
7001
1865
2200
8592
4095
1384
4829
7019
2525
6515
9018
2985
196
8721
8755
7066
9230
6208
4748
3811
9200
2206
3664
620
4703
5928
279
4258
9195
123
3215
7951
5934
89
6467
3536
429
6350
7055
6149
663
8428
125
2073
3188
2804
7330
7466
7635
2805
7478
6028
616
4441
110
5351
9964
2076
703
1292
7673
2703
1787
7548
4656
9868
7809
4511
3821
343
7340
4427
1182
8298
9413
1651
9189
7988
8893
4694
5437
8789
7739
6365
4635
4175
3131
8080
9464
3850
1867
2796
3625
6376
9284
932
8575
5139
9399
4711
2902
5755
7089
7722
6841
8280
1843
8361
2501
6558
5675
6691
8584
5127
4942
2369
9304
1602
9540
6496
1272
6442
6962
5251
6172
5013
9910
6853
82
2922
929
460
7136
9194
45
5916
4225
3484
5079
7858
4049
4888
1501
2731
6905
1929
8936
461
9188
7685
5062
4932
2590
5503
2124
8345
9027
5371
847
7089
3803
4083
4223
2422
5414
7099
7654
4981
5328
1160
1099
5705
4370
1294
990
3633
3619
9101
5346
2524
9252
3113
4455
7856
3553
787
3607
2495
3715
7424
9500
607
7222
1165
8760
3726
2141
661
6724
2567
8640
7287
1770
3797
4529
2622
3456
9360
9096
1319
3510
378
9209
6440
9759
2872
6620
5129
2091
4598
2538
8378
9786
6928
735
8920
7147
7411
1547
1423
4235
5576
2201
9941
5184
8034
5623
917
6211
4564
5170
2363
7799
2845
253
8667
631
4706
7281
4113
2347
3126
105
4146
6410
7390
7661
5772
2964
4021
2833
2595
1168
4978
9943
8109
7871
8661
5581
8724
3413
1691
4980
2213
2280
6017
8638
5017
9381
6769
7970
2455
7079
6283
4022
406
5620
3649
3131
5052
7038
2848
7469
4401
6299
8924
888
7641
5121
999
2987
9490
1663
4211
6426
7930
4736
3340
5234
3254
920
1280
8046
429
3214
9586
1214
9960
6828
5675
4075
6382
8822
9627
8264
5631
5965
4533
3289
5268
5093
3195
4488
1579
9031
7288
1374
7183
7315
8317
172
3888
5287
5486
8666
1
4421
6150
4143
9195
1385
8602
9795
5378
5275
4279
9112
9862
6900
3008
6006
9319
9358
3740
2574
1612
8646
5871
311
7716
5637
6145
9326
4053
7396
3441
4832
1250
7238
3201
4193
9884
4442
2741
8690
7516
2889
5698
7958
9156
9284
244
8393
8685
6006
7451
1931
5810
6427
4402
5879
7467
1138
964
8758
5724
4414
2825
4706
6561
9096
6618
2976
998
4887
6772
3700
4079
2615
2968
8821
3933
660
88
4590
8739
2549
2856
4853
5066
7593
3033
3539
8688
6622
4521
4323
6416
574
7369
5494
5235
3115
4811
38
9649
9772
8072
3458
6220
7023
7294
219
8326
7343
6083
11
9037
4452
5398
550
6644
9215
4113
6313
9159
451
2975
4482
2064
1219
9445
5070
5899
7686
3853
3553
8006
1936
7167
7806
7575
8026
4616
2625
2559
1906
7752
3014
8611
1179
4498
7490
8419
4247
8463
4334
7239
8169
8025
3697
26
4251
2552
2371
1815
5133
8555
9722
5036
8935
8607
786
2477
7867
4824
5196
42
1853
1162
423
9153
9688
5923
4559
6042
2937
8964
3664
5037
2244
128
5541
2471
8122
7482
2397
7956
5212
2755
5059
1807
549
8772
7565
5029
107
5643
3504
2479
6046
990
301
4998
7762
1368
7575
8625
9566
7758
4877
6520
5481
3928
3931
7767
40
5222
9504
4128
7903
1258
4773
7355
4181
518
8520
3281
3937
6589
6528
6509
8333
9091
3718
854
9734
8894
6806
3353
8713
8425
5797
8982
4563
9198
5999
6144
6722
5921
3940
9808
3669
131
6010
4217
5052
4684
5380
373
2437
7598
3995
8309
5844
4406
6633
6312
4210
3947
4036
3831
5765
9295
6313
5063
7041
9232
5394
9780
4475
2240
7341
1202
57
474
1205
775
2090
8027
3453
3054
3543
8309
7430
5588
3268
3998
3368
5390
1723
7271
2077
569
961
9417
8198
4276
2538
182
9717
7769
8194
4520
9982
8729
4605
6606
5213
6371
6174
61
4740
617
4630
1532
1406
3942
9956
3333
1226
1601
8928
4564
3064
304
1699
8159
2844
4632
8623
1508
9489
6778
8374
7654
3540
6076
6711
5163
5844
8670
6760
3617
5511
6947
9549
476
914
4373
9327
4379
1247
4055
5286
7050
1197
7513
6403
3234
4415
6220
7944
2704
5742
3279
5528
1298
5084
2017
2245
8192
3829
4753
2095
8629
8059
1483
5627
8205
5529
5117
4816
6053
459
9435
161
9761
5915
6154
7770
7408
2246
2077
7335
7402
327
429
4102
125
4272
5181
3763
2299
9392
6183
9451
8322
4328
5855
7987
7992
9834
8678
7665
680
8032
3269
2368
7648
5807
6988
7461
3086
6026
3271
5242
9169
6853
9235
1272
5214
2090
5717
4491
3093
9013
740
4406
7192
3738
1180
8203
6501
7477
2538
9765
2566
8194
9224
3844
3378
5504
937
2517
6120
6119
5962
4202
3846
2009
3449
8290
8653
2699
4479
6259
1134
9257
5845
204
5187
7760
3028
7522
201
924
7639
5248
3201
1721
8373
7037
1023
9884
90
9046
7507
7142
2294
1706
7305
4141
221
5137
2876
1419
5818
3579
4905
7416
356
4883
4998
6407
7679
5101
279
6963
9660
8280
3431
5195
925
2654
79
1039
3876
820
481
8
4678
5510
3261
5069
2628
7811
2795
2751
4824
3020
2762
571
7293
1891
4985
6236
8633
9962
1808
1634
161
872
3785
5427
5657
5525
7977
1529
7033
6205
9617
4289
7409
1838
6922
735
342
3781
1847
4979
6043
7077
849
3709
2684
7995
345
5281
9082
742
5554
6849
2861
6914
1835
6140
4832
690
3383
5176
7675
4016
6071
4035
8845
9689
9044
2330
7849
4587
521
1772
5571
9991
1528
680
7159
1842
2842
533
7732
2417
6976
2902
4835
1039
7449
8452
7599
8718
1155
9073
9970
4144
5044
2463
176
8687
2263
6778
6541
8148
1690
3398
1241
7272
9854
3873
2391
1597
2916
9218
1305
7185
8948
1163
8182
4396
8876
4995
5808
5562
6363
3574
3096
8952
6133
9989
8243
1603
7549
2621
865
6996
7332
6973
687
6347
5964
2252
9137
6968
9152
7731
6862
4632
1576
6003
4182
8485
7324
2259
8413
8000
327
6248
4780
3011
7511
172
206
622
1516
352
1400
3680
1891
2187
2296
546
8002
6755
3317
4897
1405
250
2225
5802
5604
7072
1252
953
9018
7001
5471
1488
1337
8391
7642
3154
3166
9467
242
2696
4533
4321
9698
6179
4690
7451
7751
9363
9243
201
6564
8279
829
6022
7272
4062
5779
8637
727
3640
3674
8527
6214
4945
3390
6088
792
8011
6808
7658
4545
862
4424
3999
4675
3737
2579
5478
8816
2896
861
3079
1273
3938
6106
2217
4150
429
6632
8065
425
1153
7099
861
9729
9473
8228
5023
9012
2167
9648
3716
1284
1638
1216
4003
6430
5187
1401
140
2100
4676
5274
7889
9979
8216
9503
3901
656
631
8598
4293
1557
1690
2242
8873
8145
5544
2261
5898
7895
9048
8799
4784
7367
7552
6435
442
6038
8750
7494
780
6185
3469
5998
2039
4716
6292
8018
7449
7580
5463
2704
3297
2897
9250
2904
7011
1138
5603
2220
1714
3883
6654
3720
3275
2048
4694
7568
6474
1977
2210
2144
7731
6954
8351
8999
1417
6795
6378
8661
1530
3904
7806
129
1742
5270
4657
1842
9227
6104
7165
3247
7003
6265
3948
6793
7658
1182
2714
9499
7999
1517
8657
61
3806
4055
6089
1052
8067
7520
2131
4815
4086
7481
98
7400
1314
6770
7824
7474
2852
3578
7732
1275
4189
4834
2190
51
6540
489
4735
9982
7014
9787
7017
4444
9929
1322
9167
6984
9368
7038
1034
8131
9898
3761
5112
4296
5248
3410
4089
1769
4633
5712
3309
938
8260
4034
6445
3712
2422
4348
7894
3487
1415
5130
9163
3496
5316
9238
1365
5424
9774
1734
9813
1564
6971
9018
5331
4304
1367
5361
2781
1598
951
4192
4341
5392
4364
9761
7137
553
3349
702
5558
5548
6744
3770
4259
3500
626
9379
3126
2660
172
2925
8654
9879
4917
9775
3660
7470
6768
4794
3009
1696
4698
4661
6116
4370
963
8942
614
6109
2672
7203
6736
6185
6350
5955
6715
2523
5002
8841
1790
6944
495
8363
6467
2867
7845
9781
7427
6503
1621
6179
8261
8493
6563
3326
9530
4166
8747
3814
8919
7231
7844
981
4970
7397
8568
1300
1038
3264
1569
2421
2540
4772
8670
9609
7688
4390
1803
7068
9096
8294
1081
5998
4130
9622
7125
1695
5549
8719
8045
7005
6097
3618
1233
4444
4351
6073
4898
4291
5445
2527
9659
1085
3709
3403
3212
3646
396
1971
7466
9423
7303
9568
1333
2170
7303
3774
746
920
410
6725
7495
2433
4128
3193
2183
4060
3760
1847
2077
437
5516
997
2953
9726
3066
7705
3147
5492
2662
8534
6416
6356
4854
1186
6885
2082
8287
6722
5352
4451
3579
7117
4999
9323
8015
8430
4648
1564
7000
7310
6087
225
783
3454
7489
5539
4879
6691
7929
1541
418
9125
2984
8788
4614
4241
6000
5113
4055
2831
601
6982
6699
9508
4459
5078
4092
6029
1127
1740
2078
3692
1242
1941
7436
5489
9940
6307
3759
270
6177
5848
4037
394
6058
6264
7278
8681
6522
2570
3249
3936
4482
6128
9206
2348
8203
7904
1321
8390
2342
1727
7034
9569
9194
1962
8595
5939
7689
4655
8164
2256
4646
2462
6956
441
4092
9289
3184
5739
1745
6397
9453
4357
8404
6873
2937
2985
7339
6965
6513
8405
7327
6992
114
8556
9886
1794
9507
4154
5527
2265
3025
4786
5947
1275
3275
4309
5491
7696
4177
8113
4331
2753
2917
4459
5800
4803
9002
1511
1437
2785
4872
9610
1011
7463
6815
4706
9265
8635
1151
689
6430
7479
8809
8565
9132
8345
3771
59
2885
4062
8053
3959
6597
8359
5048
2145
5645
5481
5565
8362
1835
1276
8735
4803
4295
5831
9994
5685
4758
7603
560
1826
6199
2147
1061
3028
6406
7503
4616
2469
1099
2462
1191
9133
9638
9999
2780
2007
8991
9602
64
6164
7808
5222
1885
8817
2018
3863
9619
3979
1156
8435
5429
2978
4971
5272
4333
2278
3581
6788
5266
9174
5153
184
4910
9802
4232
7598
3791
3357
3919
8586
3957
2331
2845
552
8752
854
4340
5469
8817
5190
7236
346
5331
6909
5960
5402
1004
4222
9526
5285
4971
5157
2873
2919
6229
825
6491
5853
7403
3070
4501
619
2478
6663
4839
2034
61
8955
5890
7231
6739
7841
5646
5634
9203
1539
1431
1701
8225
207
5028
3629
2183
7084
7204
5895
5908
8990
1325
4023
9924
333
2242
1820
1012
3129
3153
1943
4003
4152
8352
2113
6172
4698
5110
3817
1578
7805
7538
2978
2885
5250
9797
6912
3657
7071
5172
6313
900
5517
3898
8791
7653
8210
5269
1966
1561
4561
403
1647
7934
6562
1171
697
1684
9333
1044
2041
5588
5266
2151
8069
2753
330
6312
9108
1284
1065
8628
7513
5693
876
957
7346
3779
4652
4001
7728
2466
8563
5480
5896
711
1387
9086
952
4022
1571
4332
9730
9486
4191
9937
5877
1899
4476
3408
4978
9981
3843
2677
9966
7150
7805
9526
6347
2967
2611
483
7779
1472
6114
521
2968
5873
7590
5507
6586
7705
4605
7815
8274
4870
5303
6793
3701
9919
4422
877
5377
6507
6408
9693
8331
7384
3691
5074
33
8672
4864
2112
9336
2690
8744
7984
4051
8769
7801
3393
9470
2377
581
1016
3980
8138
2610
7836
2217
1063
2873
4222
7765
7209
6117
321
1552
6621
3508
1018
9963
2149
8437
5992
1377
7890
7681
9886
1761
3658
4257
2789
3613
9304
7116
8700
2012
3953
5105
6392
5036
8951
7203
4017
1799
3112
8795
298
5852
8587
5221
1672
7434
834
4323
848
3604
3164
3562
996
265
2676
5174
1901
5215
8617
9227
8497
906
4256
7313
6983
5096
3200
1691
1446
4862
5798
4582
5419
3758
463
391
9767
9572
3377
3908
3671
4269
5017
8118
1850
4173
1094
8464
7305
6993
8727
5939
9830
4894
4957
7468
4412
8163
6626
1853
8382
4410
1478
7215
6731
4660
9152
2303
3875
8621
5473
560
2226
2617
6982
9023
421
8236
8184
6285
7387
2408
1049
6120
3786
5877
4599
3710
5256
4826
1256
9240
6971
8323
8500
9037
4213
5388
8503
2365
3229
3601
7649
6449
8076
9012
8716
1613
4028
216
5798
423
3452
9765
4609
5040
6801
5385
4165
8048
9944
7969
7763
5802
4475
1731
2002
256
7251
9530
7602
1095
2798
2887
1980
3807
8471
2670
6348
6894
5417
1722
5685
5178
1895
2754
4437
3050
2782
5560
1090
8095
4157
7993
381
3337
301
3928
1574
5930
3293
6455
6022
4258
5940
4725
3844
3736
5153
3742
9017
1368
2386
2602
9365
7188
3769
1670
1097
3638
440
9980
259
8344
8069
8713
4930
9870
5931
3857
2168
6561
1173
5014
710
4104
9673
3031
3111
2718
5382
3456
9749
32
9566
3858
2579
8115
6749
5481
3678
8759
6995
6851
3400
7637
2735
46
1718
829
3013
1513
7842
2197
206
487
6105
4604
325
3064
3402
8064
7242
8712
5122
9645
1133
6985
5893
7429
5706
7051
262
4857
8861
8647
2208
1343
427
5646
2608
8521
7053
4382
4829
6671
7607
5493
1431
9289
1067
5679
2248
3087
8721
1655
4559
4924
6639
6733
5379
770
7529
5563
3570
8633
3765
1905
6193
4256
8154
1136
1975
8042
2204
2338
8495
8537
3881
4285
2161
3289
1650
1043
8752
604
3496
3929
4654
7517
5741
4614
5768
8749
3988
4613
1317
5164
2869
2432
7059
664
936
987
6900
1963
2451
3986
6951
3877
4515
6956
6099
4336
6066
3953
7227
2303
1502
8192
1608
2306
3400
6535
1182
4803
4826
2391
3957
8504
2220
9194
6228
9195
6049
8136
2002
8007
8278
3500
5015
7435
4312
8004
7958
6809
7093
1682
1505
307
4423
8289
540
480
5022
823
6
9821
6777
9002
9231
1640
3988
3104
2965
5383
317
1816
8093
3157
7981
8532
3187
5227
5390
1323
6947
5019
2272
7364
5809
3217
6702
2070
6666
1846
9606
9217
3511
205
7735
7954
6245
1061
2579
9136
4929
3083
8171
9635
6912
6528
9206
1251
7233
6241
4943
3939
2504
1035
5846
8657
8539
5510
8813
1207
7309
5833
1270
1857
2994
3817
4910
3015
2733
1486
410
356
5189
4029
5453
86
9529
1564
6960
4657
5883
6137
3294
1903
8021
9252
1856
8489
5090
5823
1308
8347
4219
4315
7550
4545
2425
6598
7982
6791
4249
1824
3322
7244
5591
1274
9557
9674
5946
7296
547
901
3950
6557
146
5986
6164
9727
1473
9322
3660
4391
3356
2442
291
4288
182
2370
8825
6044
1278
5682
6911
6946
1054
9627
5902
9746
7723
8222
7852
6229
8790
753
9267
5231
8118
1186
5230
4320
842
3610
5348
6169
0
