6867
8640
731
1513
5533
5453
2249
2801
6783
4424
7492
9754
4513
1744
6977
3627
3938
2377
2058
28
964
7548
5553
9611
2103
9675
1705
2745
9125
2920
5567
8749
9571
4374
314
6640
8649
8085
7095
8513
9099
614
7760
7081
5790
8481
8351
3978
8092
9589
3029
1311
9034
5516
7293
6923
7058
9414
8313
9298
425
8201
2675
6735
5454
3127
9266
6820
2828
3589
4874
9786
8361
2349
9831
110
6667
8793
7093
5871
4090
7739
5615
5760
1515
8558
6935
1693
2988
67
2165
8743
8088
1133
2096
4887
5531
5453
8568
1254
6208
2386
9682
4758
8578
8891
9066
5382
556
8719
9798
8017
2268
4389
9758
8392
9885
5266
9110
4976
9683
7374
2077
7132
877
3657
7131
5764
4590
3280
9206
2795
8025
821
8420
2284
8755
3868
6030
6859
2356
8457
4628
5194
7009
203
6072
4998
4359
7287
9188
6188
2601
1260
3350
3935
7332
3585
7835
1207
4638
2825
1386
8513
1997
9994
6799
1956
249
6798
4079
2123
1899
5984
6395
4536
5091
795
5483
5296
2298
6636
6556
3751
3399
5713
8927
1577
1513
6979
1944
5360
3387
8674
9040
5516
1399
6554
8152
6413
139
6095
7726
7950
3146
5646
1241
2695
5301
5998
8073
3581
4532
3087
3346
8197
4789
1508
398
8092
9753
8815
8838
1090
8900
8997
8824
9763
443
3917
8052
3355
8439
1887
6122
6454
817
3707
7068
6621
6306
8047
5221
2766
9271
2293
9756
6956
2966
8057
6362
7868
4144
656
8495
8343
9778
6455
1798
965
3549
3488
7556
9832
3370
4632
6066
8182
6494
7745
3688
1501
7600
486
8388
8121
4405
422
5998
9861
6310
8206
988
9301
1253
366
8325
4767
4186
3799
5673
6944
1178
6444
4025
2019
2598
7640
742
6627
978
5998
3038
6601
6904
7757
5011
7058
3743
5272
881
6235
387
4721
5733
6205
1889
8681
8929
4351
7187
9462
3420
1371
6918
3659
8398
6443
5708
5614
9586
2405
3836
3030
1736
3504
6388
7016
8882
9520
9661
3400
8494
3588
1752
9722
5881
3702
1348
750
2883
9202
5529
4778
5383
415
7108
5849
9519
2283
6212
8476
3710
1546
2971
287
323
355
5498
306
8209
1832
5048
9538
7293
9808
7898
5969
5101
5772
7525
9151
2877
1986
4927
8030
3569
6130
9964
69
5560
7695
2561
7716
9320
7310
6676
3650
28
8353
2075
4710
4734
8330
4530
2187
8668
2283
9426
8429
386
8485
6685
9479
7308
6102
4382
8056
670
7650
1045
741
4911
6026
5557
5703
1254
6001
4717
6235
690
7555
7856
5170
3361
3811
6192
9173
2078
6844
4602
2996
2650
1170
8968
3985
6834
7709
9745
836
7779
9145
4432
9743
3537
4238
794
7868
9176
3783
1550
2614
9650
7242
4017
980
9860
6940
4947
746
4557
1855
4338
6955
2719
4557
9286
3214
2634
5794
4884
1896
7236
2669
9074
3329
8162
3586
8468
5671
471
6041
2841
6794
4628
3777
7284
9882
1978
337
0
